{

	"foo.a": 5.000000,
	"foo.bar.baz": 8.000000,
	"key": 3.000000
}
