{

	"key1": 5.000000,
	"key2": 6.000000,
	"key3": 7.000000
}
