{

	"key1": 5.000000,
	"key2": 6.000000,
	"key3": 7.000000,
	"map1.subkey1": 12.000000,
	"map1.subkey2": 13.000000,
	"map1.submap1.subsubkey1": 42.000000
}
